 *******************************************************************************
  
 *                                                                             *
  
 *                                                                             *
  
 *                              节点变形内力计算结果                           *
  
 *                                                                             *
  
 *                                                                             *
  
 *******************************************************************************
  
 单元号：1           
 U1:                   0.000000000000000E+000
 V1:                   -1442.21460369468     
 U2:                   0.000000000000000E+000
 V2:                    1442.21460369468     
 单元号：2           
 U1:                   0.000000000000000E+000
 V1:                   0.000000000000000E+000
 U4:                   0.000000000000000E+000
 V4:                   0.000000000000000E+000
 单元号：3           
 U1:                   -557.737732682150     
 V1:                   -557.737732682150     
 U3:                    557.737732682150     
 V3:                    557.737732682150     
 单元号：4           
 U2:                    557.748381408255     
 V2:                   0.000000000000000E+000
 U3:                   -557.748381408255     
 V3:                   0.000000000000000E+000
 单元号：5           
 U2:                    442.217988256449     
 V2:                   -442.217988256449     
 U4:                   -442.217988256449     
 V4:                    442.217988256449     
 单元号：6           
 U3:                   0.000000000000000E+000
 V3:                   -557.727043709024     
 U4:                   0.000000000000000E+000
 V4:                    557.727043709024     
